31
38
39
47
61
63
120
121
130
142
152
173
195
207
244
259
262
296
303
306
322
375
381
403
485
492
513
555
604
650
658
659
725
826
827
835
842
890
1277
1282
1390
1525
1570
1658
1755
1941
1946
1980
2011
2033
2087
2178
2237
2545
2799
2879
2932
3042
3254
3482
3492
3656
3682
4085
4319
4457
4518
5539
5553
5813
6542
6691
6836
7070
7104
7159
7333
7355
7369
7962
8035
8210
8267
8293
8372
11240
12075
20
44
78
89
108
174
186
237
269
272
308
330
419
444
480
514
526
582
602
736
742
791
802
991
1078
1094
1102
1193
1545
1569
1594
1728
1757
1782
2069
2077
2080
2331
2615
2645
2800
3015
3735
3778
3847
4048
4151
4302
4586
4920
5098
5901
6132
6680
7226
7940
8630
8874
9908
10062
10098
11120
42
57
87
90
116
136
220
245
295
297
305
346
370
383
409
426
471
517
536
597
657
688
695
739
740
760
775
788
797
804
1098
1115
1146
1153
1327
1392
1423
1597
1683
1758
1957
2002
2015
2183
2375
2497
2551
2622
2796
2846
3130
3462
3673
3696
3791
3906
4181
4426
4469
4582
4585
5367
5664
5912
5922
6113
6271
6494
6571
6754
7417
7597
7951
8536
8745
9964
10105
10106
11140
42
57
87
90
116
136
220
245
295
297
305
346
370
383
409
426
471
517
536
597
657
688
695
739
740
760
775
788
797
804
1098
1115
1146
1153
1327
1392
1423
1597
1683
1758
1957
2002
2015
2183
2375
2497
2551
2622
2796
2846
3130
3462
3673
3696
3791
3906
4181
4426
4469
4582
4585
5367
5664
5912
5922
6113
6271
6494
6571
6754
7417
7597
7951
8536
8745
9964
10105
10106
11140
21
67
77
117
231
335
393
423
437
521
586
636
724
773
794
834
850
861
941
945
954
1027
1171
1221
1238
1316
1429
1537
1617
1663
1724
1759
1793
1870
1943
1960
2133
2153
2182
2259
2506
2603
2830
4156
4696
5007
5812
6021
7019
7097
7295
8507
8991
9716
10084
21
67
77
117
231
335
393
423
437
521
586
636
724
773
794
834
850
861
941
945
954
1027
1171
1221
1238
1316
1429
1537
1617
1663
1724
1759
1793
1870
1943
1960
2133
2153
2182
2259
2506
2603
2830
4156
4696
5007
5812
6021
7019
7097
7295
8507
8991
9716
10084
72
75
85
103
118
150
151
234
249
260
396
401
546
571
590
632
721
799
884
1188
1379
1599
1731
2199
2377
2596
2682
2717
2833
2860
3320
3429
4266
5000
5335
5572
6638
6891
13245
13246
13247
13248
13249
13250
13251
13252
13253
13254
13255
13256
13257
13258
13259
13260
13261
13262
13263
13264
13265
10
28
56
86
110
122
261
329
349
566
741
744
752
777
828
866
875
950
1159
1520
1987
2071
4252
7077
7854
