10
28
56
86
110
122
261
329
349
566
741
744
752
777
828
866
875
950
1159
1520
1987
2071
4252
7077
7854
10
28
56
86
110
122
261
329
349
566
741
744
752
777
828
866
875
950
1159
1520
1987
2071
4252
7077
7854
48
76
145
288
310
354
547
629
649
1156
1449
1775
1890
2941
12
129
205
316
415
613
638
989
1405
1587
3210
5370
6086
6122
6681
37
168
515
661
1059
3683
11404
11405
11406
11407
11408
11409
11410
11411
11412
11413
11414
11415
11416
11417
11418
11419
11420
11421
11422
11423
11424
11425
11426
11427
11428
11429
11430
11431
60
111
247
1689
2273
10812
10813
105
236
535
608
639
705
