5
43
51
92
153
163
190
209
226
263
361
442
556
575
622
625
642
653
805
944
1547
2008
2086
2094
2247
2462
2626
2731
2901
3212
3247
3677
3736
3864
4133
4800
4854
5651
5682
5893
6009
6089
6684
7225
7860
8147
8400
5
43
51
92
153
163
190
209
226
263
361
442
556
575
622
625
642
653
805
944
1547
2008
2086
2094
2247
2462
2626
2731
2901
3212
3247
3677
3736
3864
4133
4800
4854
5651
5682
5893
6009
6089
6684
7225
7860
8147
8400
74
194
240
258
312
539
572
626
750
765
985
1652
1655
1690
1827
2067
2526
3597
3792
4141
5892
6018
6477
6573
6583
255
268
507
610
953
1038
1103
1528
1955
2244
2314
2409
2634
2704
2748
2807
2841
3164
4280
6072
9261
9262
9263
9264
9265
9266
9267
9268
9269
9270
9271
9272
9273
9274
9275
9276
9277
9278
9279
9280
9281
9282
9283
9284
23
36
79
238
332
627
784
793
1044
1257
1290
1492
1521
1738
3399
48
76
145
288
310
354
547
629
649
1156
1449
1775
1890
2941
4
26
192
230
246
359
457
562
635
1256
1954
124
