95
170
257
271
293
325
386
432
468
488
531
558
574
648
652
683
713
716
814
844
877
895
911
970
974
1005
1024
1036
1043
1052
1127
1133
1174
1186
1195
1215
1219
1222
1240
1268
1295
1317
1318
1406
1410
1421
1445
1478
1496
1498
1523
1549
1591
1609
1633
1639
1641
1662
1664
1691
1698
1769
1773
1854
1947
1948
1988
2018
2062
2064
2100
2121
2215
2231
2246
2290
2333
2341
2345
2374
2442
2494
2527
2541
2602
2617
2644
2657
2674
2679
2697
2729
2840
2971
3040
3041
3052
3067
3073
3077
3078
3099
3121
3148
3255
3286
3359
3436
3614
3632
3775
3786
3836
3837
3852
3913
3939
4030
4128
4164
4203
4250
4272
4387
4446
4471
4522
4559
4649
4860
4907
4911
4919
4982
4999
5001
5097
5124
5161
5235
5313
5360
5461
5487
5550
5591
5593
5600
5624
5712
5745
5825
5967
5971
6101
6235
6454
6557
6641
6661
6687
6881
6894
6923
6947
6987
7098
7145
7201
7252
7254
7359
7465
7758
7956
8024
8164
8195
8255
8302
8395
8502
8512
8740
8862
9122
9378
9600
9650
9744
9745
9752
9781
9804
9851
9866
9954
10104
10122
10142
10155
10414
10575
10761
11036
11121
11239
11352
11360
11396
11651
11866
11891
12179
12505
12589
12767
13328
13329
13818
95
170
257
271
293
325
386
432
468
488
531
558
574
648
652
683
713
716
814
844
877
895
911
970
974
1005
1024
1036
1043
1052
1127
1133
1174
1186
1195
1215
1219
1222
1240
1268
1295
1317
1318
1406
1410
1421
1445
1478
1496
1498
1523
1549
1591
1609
1633
1639
1641
1662
1664
1691
1698
1769
1773
1854
1947
1948
1988
2018
2062
2064
2100
2121
2215
2231
2246
2290
2333
2341
2345
2374
2442
2494
2527
2541
2602
2617
2644
2657
2674
2679
2697
2729
2840
2971
3040
3041
3052
3067
3073
3077
3078
3099
3121
3148
3255
3286
3359
3436
3614
3632
3775
3786
3836
3837
3852
3913
3939
4030
4128
4164
4203
4250
4272
4387
4446
4471
4522
4559
4649
4860
4907
4911
4919
4982
4999
5001
5097
5124
5161
5235
5313
5360
5461
5487
5550
5591
5593
5600
5624
5712
5745
5825
5967
5971
6101
6235
6454
6557
6641
6661
6687
6881
6894
6923
6947
6987
7098
7145
7201
7252
7254
7359
7465
7758
7956
8024
8164
8195
8255
8302
8395
8502
8512
8740
8862
9122
9378
9600
9650
9744
9745
9752
9781
9804
9851
9866
9954
10104
10122
10142
10155
10414
10575
10761
11036
11121
11239
11352
11360
11396
11651
11866
11891
12179
12505
12589
12767
13328
13329
13818
95
170
257
271
293
325
386
432
468
488
531
558
574
648
652
683
713
716
814
844
877
895
911
970
974
1005
1024
1036
1043
1052
1127
1133
1174
1186
1195
1215
1219
1222
1240
1268
1295
1317
1318
1406
1410
1421
1445
1478
1496
1498
1523
1549
1591
1609
1633
1639
1641
1662
1664
1691
1698
1769
1773
1854
1947
1948
1988
2018
2062
2064
2100
2121
2215
2231
2246
2290
2333
2341
2345
2374
2442
2494
2527
2541
2602
2617
2644
2657
2674
2679
2697
2729
2840
2971
3040
3041
3052
3067
3073
3077
3078
3099
3121
3148
3255
3286
3359
3436
3614
3632
3775
3786
3836
3837
3852
3913
3939
4030
4128
4164
4203
4250
4272
4387
4446
4471
4522
4559
4649
4860
4907
4911
4919
4982
4999
5001
5097
5124
5161
5235
5313
5360
5461
5487
5550
5591
5593
5600
5624
5712
5745
5825
5967
5971
6101
6235
6454
6557
6641
6661
6687
6881
6894
6923
6947
6987
7098
7145
7201
7252
7254
7359
7465
7758
7956
8024
8164
8195
8255
8302
8395
8502
8512
8740
8862
9122
9378
9600
9650
9744
9745
9752
9781
9804
9851
9866
9954
10104
10122
10142
10155
10414
10575
10761
11036
11121
11239
11352
11360
11396
11651
11866
11891
12179
12505
12589
12767
13328
13329
13818
95
170
257
271
293
325
386
432
468
488
531
558
574
648
652
683
713
716
814
844
877
895
911
970
974
1005
1024
1036
1043
1052
1127
1133
1174
1186
1195
1215
1219
1222
1240
1268
1295
1317
1318
1406
1410
1421
1445
1478
1496
1498
1523
1549
1591
1609
1633
1639
1641
1662
1664
1691
1698
1769
1773
1854
1947
1948
1988
2018
2062
2064
2100
2121
2215
2231
2246
2290
2333
2341
2345
2374
2442
2494
2527
2541
2602
2617
2644
2657
2674
2679
2697
2729
2840
2971
3040
3041
3052
3067
3073
3077
3078
3099
3121
3148
3255
3286
3359
3436
3614
3632
3775
3786
3836
3837
3852
3913
3939
4030
4128
4164
4203
4250
4272
4387
4446
4471
4522
4559
4649
4860
4907
4911
4919
4982
4999
5001
5097
5124
5161
5235
5313
5360
5461
5487
5550
5591
5593
5600
5624
5712
5745
5825
5967
5971
6101
6235
6454
6557
6641
6661
6687
6881
6894
6923
6947
6987
7098
7145
7201
7252
7254
7359
7465
7758
7956
8024
8164
8195
8255
8302
8395
8502
8512
8740
8862
9122
9378
9600
9650
9744
9745
9752
9781
9804
9851
9866
9954
10104
10122
10142
10155
10414
10575
10761
11036
11121
11239
11352
11360
11396
11651
11866
11891
12179
12505
12589
12767
13328
13329
13818
95
170
257
271
293
325
386
432
468
488
531
558
574
648
652
683
713
716
814
844
877
895
911
970
974
1005
1024
1036
1043
1052
1127
1133
1174
1186
1195
1215
1219
1222
1240
1268
1295
1317
1318
1406
1410
1421
1445
1478
1496
1498
1523
1549
1591
1609
1633
1639
1641
1662
1664
1691
1698
1769
1773
1854
1947
1948
1988
2018
2062
2064
2100
2121
2215
2231
2246
2290
2333
2341
2345
2374
2442
2494
2527
2541
2602
2617
2644
2657
2674
2679
2697
2729
2840
2971
3040
3041
3052
3067
3073
3077
3078
3099
3121
3148
3255
3286
3359
3436
3614
3632
3775
3786
3836
3837
3852
3913
3939
4030
4128
4164
4203
4250
4272
4387
4446
4471
4522
4559
4649
4860
4907
4911
4919
4982
4999
5001
5097
5124
5161
5235
5313
5360
5461
5487
5550
5591
5593
5600
5624
5712
5745
5825
5967
5971
6101
6235
6454
6557
6641
6661
6687
6881
6894
6923
6947
6987
7098
7145
7201
7252
7254
7359
7465
7758
7956
8024
8164
8195
8255
8302
8395
8502
8512
8740
8862
9122
9378
9600
9650
9744
9745
9752
9781
9804
9851
9866
9954
10104
10122
10142
10155
10414
10575
10761
11036
11121
11239
11352
11360
11396
11651
11866
11891
12179
12505
12589
12767
13328
13329
13818
33
40
71
114
115
164
171
177
225
285
292
298
357
360
365
420
435
436
439
447
459
465
494
544
554
578
585
601
621
667
684
687
737
751
759
863
942
969
1017
1018
1023
1033
1035
1063
1166
1210
1212
1242
1266
1286
1296
1302
1343
1391
1411
1435
1458
1494
1495
1596
1634
1637
1671
1672
1675
1736
1771
1830
1841
1855
1912
2038
2056
2091
2150
2167
2243
2274
2294
2302
2364
2388
2491
2529
2573
2620
2633
2678
2689
2774
2786
2805
2821
2836
2851
2906
2933
2977
3017
3080
3120
3197
3198
3199
3214
3403
3422
3423
3433
3488
3506
3777
3846
3940
3948
4039
4045
4083
4150
4299
4353
4392
4432
4576
4693
4788
4798
4799
4827
4958
4976
4996
5076
5213
5287
5341
5346
5454
5661
5774
5801
5828
5866
5948
6040
6057
6071
6095
6137
6165
6169
6265
6347
6352
6396
6464
6481
6483
6512
6547
6659
6725
7082
7101
7112
7166
7203
7231
7243
7588
7663
7779
7835
7841
8007
8150
8256
8346
8387
8399
8574
8778
8856
8987
9043
9334
9345
9379
10071
10644
10773
11011
11025
11342
12186
12470
12471
32
62
83
112
154
214
235
241
273
278
299
331
341
523
557
651
717
747
758
768
817
1049
1067
1074
1179
1198
1202
1241
1297
1472
1473
1506
1514
1516
1524
1530
1539
1546
1551
1640
1656
1764
1842
1930
1953
1966
2141
2177
2297
2315
2463
2598
2600
2636
2653
2725
2801
3070
3095
3283
3315
3319
3530
3760
3789
3827
3908
4284
4290
4292
4520
4578
4609
4701
4875
4878
4912
5033
5176
5554
5999
6067
6123
6142
6174
6330
6334
6452
6482
7109
7267
8529
8652
8864
8867
9634
9859
10319
11079
11135
11138
20
44
78
89
108
174
186
237
269
272
308
330
419
444
480
514
526
582
602
736
742
791
802
991
1078
1094
1102
1193
1545
1569
1594
1728
1757
1782
2069
2077
2080
2331
2615
2645
2800
3015
3735
3778
3847
4048
4151
4302
4586
4920
5098
5901
6132
6680
7226
7940
8630
8874
9908
10062
10098
11120
