68
193
222
224
227
242
315
367
422
440
460
486
511
595
607
718
754
800
839
1209
1218
1370
1466
1485
1515
1784
1967
2075
2117
2161
2283
2389
2549
2817
2928
3498
3518
3770
3779
3978
4158
4263
4545
4579
5020
5363
5455
5486
6797
7848
7849
7850
7851
7852
7853
7855
7856
7857
7858
7859
7861
7862
7863
8744
9365
9568
68
193
222
224
227
242
315
367
422
440
460
486
511
595
607
718
754
800
839
1209
1218
1370
1466
1485
1515
1784
1967
2075
2117
2161
2283
2389
2549
2817
2928
3498
3518
3770
3779
3978
4158
4263
4545
4579
5020
5363
5455
5486
6797
7848
7849
7850
7851
7852
7853
7855
7856
7857
7858
7859
7861
7862
7863
8744
9365
9568
5
43
51
92
153
163
190
209
226
263
361
442
556
575
622
625
642
653
805
944
1547
2008
2086
2094
2247
2462
2626
2731
2901
3212
3247
3677
3736
3864
4133
4800
4854
5651
5682
5893
6009
6089
6684
7225
7860
8147
8400
74
194
240
258
312
539
572
626
750
765
985
1652
1655
1690
1827
2067
2526
3597
3792
4141
5892
6018
6477
6573
6583
23
36
79
238
332
627
784
793
1044
1257
1290
1492
1521
1738
3399
10
28
56
86
110
122
261
329
349
566
741
744
752
777
828
866
875
950
1159
1520
1987
2071
4252
7077
7854
140
512
709
8899
4
26
192
230
246
359
457
562
635
1256
1954
