255
268
507
610
953
1038
1103
1528
1955
2244
2314
2409
2634
2704
2748
2807
2841
3164
4280
6072
9261
9262
9263
9264
9265
9266
9267
9268
9269
9270
9271
9272
9273
9274
9275
9276
9277
9278
9279
9280
9281
9282
9283
9284
48
76
145
288
310
354
547
629
649
1156
1449
1775
1890
2941
37
168
515
661
1059
3683
11404
11405
11406
11407
11408
11409
11410
11411
11412
11413
11414
11415
11416
11417
11418
11419
11420
11421
11422
11423
11424
11425
11426
11427
11428
11429
11430
11431
156
265
412
646
1645
1765
105
236
535
608
210
251
563
592
210
251
563
592
80
606
