30
94
104
149
158
160
167
204
232
254
275
290
336
502
524
631
696
700
722
723
749
770
772
786
807
815
833
862
880
938
939
958
982
988
1178
1208
1300
1313
1314
1378
1519
1529
1572
1665
1740
1756
1776
1783
1795
1828
1843
1851
1868
1877
1888
1969
2013
2076
2123
2209
2407
2417
2518
2707
2739
2783
2785
2787
2828
2829
3028
3215
3266
3309
3431
3474
3524
3566
3647
3684
3753
3870
4264
4285
4305
4309
4523
4683
4896
4944
4975
5003
5004
5060
5095
5117
5118
5231
5263
5314
5450
5594
5607
5662
5896
5996
5997
6011
6068
6270
6369
6580
6683
6690
6693
6714
6765
6808
6876
7114
7237
7240
7299
7351
7761
7926
7938
8008
8169
8297
8376
8689
8760
8887
9002
9081
9364
9370
9576
9679
9746
9771
9772
9774
10173
10197
10234
11099
11119
11381
11976
12593
32
62
83
112
154
214
235
241
273
278
299
331
341
523
557
651
717
747
758
768
817
1049
1067
1074
1179
1198
1202
1241
1297
1472
1473
1506
1514
1516
1524
1530
1539
1546
1551
1640
1656
1764
1842
1930
1953
1966
2141
2177
2297
2315
2463
2598
2600
2636
2653
2725
2801
3070
3095
3283
3315
3319
3530
3760
3789
3827
3908
4284
4290
4292
4520
4578
4609
4701
4875
4878
4912
5033
5176
5554
5999
6067
6123
6142
6174
6330
6334
6452
6482
7109
7267
8529
8652
8864
8867
9634
9859
10319
11079
11135
11138
32
62
83
112
154
214
235
241
273
278
299
331
341
523
557
651
717
747
758
768
817
1049
1067
1074
1179
1198
1202
1241
1297
1472
1473
1506
1514
1516
1524
1530
1539
1546
1551
1640
1656
1764
1842
1930
1953
1966
2141
2177
2297
2315
2463
2598
2600
2636
2653
2725
2801
3070
3095
3283
3315
3319
3530
3760
3789
3827
3908
4284
4290
4292
4520
4578
4609
4701
4875
4878
4912
5033
5176
5554
5999
6067
6123
6142
6174
6330
6334
6452
6482
7109
7267
8529
8652
8864
8867
9634
9859
10319
11079
11135
11138
20
44
78
89
108
174
186
237
269
272
308
330
419
444
480
514
526
582
602
736
742
791
802
991
1078
1094
1102
1193
1545
1569
1594
1728
1757
1782
2069
2077
2080
2331
2615
2645
2800
3015
3735
3778
3847
4048
4151
4302
4586
4920
5098
5901
6132
6680
7226
7940
8630
8874
9908
10062
10098
11120
42
57
87
90
116
136
220
245
295
297
305
346
370
383
409
426
471
517
536
597
657
688
695
739
740
760
775
788
797
804
1098
1115
1146
1153
1327
1392
1423
1597
1683
1758
1957
2002
2015
2183
2375
2497
2551
2622
2796
2846
3130
3462
3673
3696
3791
3906
4181
4426
4469
4582
4585
5367
5664
5912
5922
6113
6271
6494
6571
6754
7417
7597
7951
8536
8745
9964
10105
10106
11140
21
67
77
117
231
335
393
423
437
521
586
636
724
773
794
834
850
861
941
945
954
1027
1171
1221
1238
1316
1429
1537
1617
1663
1724
1759
1793
1870
1943
1960
2133
2153
2182
2259
2506
2603
2830
4156
4696
5007
5812
6021
7019
7097
7295
8507
8991
9716
10084
5
43
51
92
153
163
190
209
226
263
361
442
556
575
622
625
642
653
805
944
1547
2008
2086
2094
2247
2462
2626
2731
2901
3212
3247
3677
3736
3864
4133
4800
4854
5651
5682
5893
6009
6089
6684
7225
7860
8147
8400
74
194
240
258
312
539
572
626
750
765
985
1652
1655
1690
1827
2067
2526
3597
3792
4141
5892
6018
6477
6573
6583
