32
62
83
112
154
214
235
241
273
278
299
331
341
523
557
651
717
747
758
768
817
1049
1067
1074
1179
1198
1202
1241
1297
1472
1473
1506
1514
1516
1524
1530
1539
1546
1551
1640
1656
1764
1842
1930
1953
1966
2141
2177
2297
2315
2463
2598
2600
2636
2653
2725
2801
3070
3095
3283
3315
3319
3530
3760
3789
3827
3908
4284
4290
4292
4520
4578
4609
4701
4875
4878
4912
5033
5176
5554
5999
6067
6123
6142
6174
6330
6334
6452
6482
7109
7267
8529
8652
8864
8867
9634
9859
10319
11079
11135
11138
32
62
83
112
154
214
235
241
273
278
299
331
341
523
557
651
717
747
758
768
817
1049
1067
1074
1179
1198
1202
1241
1297
1472
1473
1506
1514
1516
1524
1530
1539
1546
1551
1640
1656
1764
1842
1930
1953
1966
2141
2177
2297
2315
2463
2598
2600
2636
2653
2725
2801
3070
3095
3283
3315
3319
3530
3760
3789
3827
3908
4284
4290
4292
4520
4578
4609
4701
4875
4878
4912
5033
5176
5554
5999
6067
6123
6142
6174
6330
6334
6452
6482
7109
7267
8529
8652
8864
8867
9634
9859
10319
11079
11135
11138
32
62
83
112
154
214
235
241
273
278
299
331
341
523
557
651
717
747
758
768
817
1049
1067
1074
1179
1198
1202
1241
1297
1472
1473
1506
1514
1516
1524
1530
1539
1546
1551
1640
1656
1764
1842
1930
1953
1966
2141
2177
2297
2315
2463
2598
2600
2636
2653
2725
2801
3070
3095
3283
3315
3319
3530
3760
3789
3827
3908
4284
4290
4292
4520
4578
4609
4701
4875
4878
4912
5033
5176
5554
5999
6067
6123
6142
6174
6330
6334
6452
6482
7109
7267
8529
8652
8864
8867
9634
9859
10319
11079
11135
11138
32
62
83
112
154
214
235
241
273
278
299
331
341
523
557
651
717
747
758
768
817
1049
1067
1074
1179
1198
1202
1241
1297
1472
1473
1506
1514
1516
1524
1530
1539
1546
1551
1640
1656
1764
1842
1930
1953
1966
2141
2177
2297
2315
2463
2598
2600
2636
2653
2725
2801
3070
3095
3283
3315
3319
3530
3760
3789
3827
3908
4284
4290
4292
4520
4578
4609
4701
4875
4878
4912
5033
5176
5554
5999
6067
6123
6142
6174
6330
6334
6452
6482
7109
7267
8529
8652
8864
8867
9634
9859
10319
11079
11135
11138
42
57
87
90
116
136
220
245
295
297
305
346
370
383
409
426
471
517
536
597
657
688
695
739
740
760
775
788
797
804
1098
1115
1146
1153
1327
1392
1423
1597
1683
1758
1957
2002
2015
2183
2375
2497
2551
2622
2796
2846
3130
3462
3673
3696
3791
3906
4181
4426
4469
4582
4585
5367
5664
5912
5922
6113
6271
6494
6571
6754
7417
7597
7951
8536
8745
9964
10105
10106
11140
42
57
87
90
116
136
220
245
295
297
305
346
370
383
409
426
471
517
536
597
657
688
695
739
740
760
775
788
797
804
1098
1115
1146
1153
1327
1392
1423
1597
1683
1758
1957
2002
2015
2183
2375
2497
2551
2622
2796
2846
3130
3462
3673
3696
3791
3906
4181
4426
4469
4582
4585
5367
5664
5912
5922
6113
6271
6494
6571
6754
7417
7597
7951
8536
8745
9964
10105
10106
11140
68
193
222
224
227
242
315
367
422
440
460
486
511
595
607
718
754
800
839
1209
1218
1370
1466
1485
1515
1784
1967
2075
2117
2161
2283
2389
2549
2817
2928
3498
3518
3770
3779
3978
4158
4263
4545
4579
5020
5363
5455
5486
6797
7848
7849
7850
7851
7852
7853
7855
7856
7857
7858
7859
7861
7862
7863
8744
9365
9568
5
43
51
92
153
163
190
209
226
263
361
442
556
575
622
625
642
653
805
944
1547
2008
2086
2094
2247
2462
2626
2731
2901
3212
3247
3677
3736
3864
4133
4800
4854
5651
5682
5893
6009
6089
6684
7225
7860
8147
8400
