3
46
52
54
98
107
143
176
201
218
277
283
284
311
340
416
421
481
509
548
570
605
654
690
753
757
809
847
858
871
876
879
972
990
1037
1045
1046
1189
1263
1320
1338
1354
1361
1413
1465
1488
1522
1610
1657
1676
1730
1768
1810
1852
1944
2005
2061
2114
2305
2362
2455
2848
2964
3027
3037
3124
3128
3158
3160
3173
3194
3344
3354
3533
3553
3670
3675
3914
4047
4152
4228
4316
4425
4444
4458
4519
4784
4913
5093
5540
5772
6024
6102
6133
6182
6674
6698
6699
6807
6917
7054
8330
8500
8944
9001
9220
9480
9494
9775
9963
10311
11264
3
46
52
54
98
107
143
176
201
218
277
283
284
311
340
416
421
481
509
548
570
605
654
690
753
757
809
847
858
871
876
879
972
990
1037
1045
1046
1189
1263
1320
1338
1354
1361
1413
1465
1488
1522
1610
1657
1676
1730
1768
1810
1852
1944
2005
2061
2114
2305
2362
2455
2848
2964
3027
3037
3124
3128
3158
3160
3173
3194
3344
3354
3533
3553
3670
3675
3914
4047
4152
4228
4316
4425
4444
4458
4519
4784
4913
5093
5540
5772
6024
6102
6133
6182
6674
6698
6699
6807
6917
7054
8330
8500
8944
9001
9220
9480
9494
9775
9963
10311
11264
3
46
52
54
98
107
143
176
201
218
277
283
284
311
340
416
421
481
509
548
570
605
654
690
753
757
809
847
858
871
876
879
972
990
1037
1045
1046
1189
1263
1320
1338
1354
1361
1413
1465
1488
1522
1610
1657
1676
1730
1768
1810
1852
1944
2005
2061
2114
2305
2362
2455
2848
2964
3027
3037
3124
3128
3158
3160
3173
3194
3344
3354
3533
3553
3670
3675
3914
4047
4152
4228
4316
4425
4444
4458
4519
4784
4913
5093
5540
5772
6024
6102
6133
6182
6674
6698
6699
6807
6917
7054
8330
8500
8944
9001
9220
9480
9494
9775
9963
10311
11264
3
46
52
54
98
107
143
176
201
218
277
283
284
311
340
416
421
481
509
548
570
605
654
690
753
757
809
847
858
871
876
879
972
990
1037
1045
1046
1189
1263
1320
1338
1354
1361
1413
1465
1488
1522
1610
1657
1676
1730
1768
1810
1852
1944
2005
2061
2114
2305
2362
2455
2848
2964
3027
3037
3124
3128
3158
3160
3173
3194
3344
3354
3533
3553
3670
3675
3914
4047
4152
4228
4316
4425
4444
4458
4519
4784
4913
5093
5540
5772
6024
6102
6133
6182
6674
6698
6699
6807
6917
7054
8330
8500
8944
9001
9220
9480
9494
9775
9963
10311
11264
32
62
83
112
154
214
235
241
273
278
299
331
341
523
557
651
717
747
758
768
817
1049
1067
1074
1179
1198
1202
1241
1297
1472
1473
1506
1514
1516
1524
1530
1539
1546
1551
1640
1656
1764
1842
1930
1953
1966
2141
2177
2297
2315
2463
2598
2600
2636
2653
2725
2801
3070
3095
3283
3315
3319
3530
3760
3789
3827
3908
4284
4290
4292
4520
4578
4609
4701
4875
4878
4912
5033
5176
5554
5999
6067
6123
6142
6174
6330
6334
6452
6482
7109
7267
8529
8652
8864
8867
9634
9859
10319
11079
11135
11138
31
38
39
47
61
63
120
121
130
142
152
173
195
207
244
259
262
296
303
306
322
375
381
403
485
492
513
555
604
650
658
659
725
826
827
835
842
890
1277
1282
1390
1525
1570
1658
1755
1941
1946
1980
2011
2033
2087
2178
2237
2545
2799
2879
2932
3042
3254
3482
3492
3656
3682
4085
4319
4457
4518
5539
5553
5813
6542
6691
6836
7070
7104
7159
7333
7355
7369
7962
8035
8210
8267
8293
8372
11240
12075
31
38
39
47
61
63
120
121
130
142
152
173
195
207
244
259
262
296
303
306
322
375
381
403
485
492
513
555
604
650
658
659
725
826
827
835
842
890
1277
1282
1390
1525
1570
1658
1755
1941
1946
1980
2011
2033
2087
2178
2237
2545
2799
2879
2932
3042
3254
3482
3492
3656
3682
4085
4319
4457
4518
5539
5553
5813
6542
6691
6836
7070
7104
7159
7333
7355
7369
7962
8035
8210
8267
8293
8372
11240
12075
21
67
77
117
231
335
393
423
437
521
586
636
724
773
794
834
850
861
941
945
954
1027
1171
1221
1238
1316
1429
1537
1617
1663
1724
1759
1793
1870
1943
1960
2133
2153
2182
2259
2506
2603
2830
4156
4696
5007
5812
6021
7019
7097
7295
8507
8991
9716
10084
32
62
83
112
154
214
235
241
273
278
299
331
341
523
557
651
717
747
758
768
817
1049
1067
1074
1179
1198
1202
1241
1297
1472
1473
1506
1514
1516
1524
1530
1539
1546
1551
1640
1656
1764
1842
1930
1953
1966
2141
2177
2297
2315
2463
2598
2600
2636
2653
2725
2801
3070
3095
3283
3315
3319
3530
3760
3789
3827
3908
4284
4290
4292
4520
4578
4609
4701
4875
4878
4912
5033
5176
5554
5999
6067
6123
6142
6174
6330
6334
6452
6482
7109
7267
8529
8652
8864
8867
9634
9859
10319
11079
11135
11138
31
38
39
47
61
63
120
121
130
142
152
173
195
207
244
259
262
296
303
306
322
375
381
403
485
492
513
555
604
650
658
659
725
826
827
835
842
890
1277
1282
1390
1525
1570
1658
1755
1941
1946
1980
2011
2033
2087
2178
2237
2545
2799
2879
2932
3042
3254
3482
3492
3656
3682
4085
4319
4457
4518
5539
5553
5813
6542
6691
6836
7070
7104
7159
7333
7355
7369
7962
8035
8210
8267
8293
8372
11240
12075
31
38
39
47
61
63
120
121
130
142
152
173
195
207
244
259
262
296
303
306
322
375
381
403
485
492
513
555
604
650
658
659
725
826
827
835
842
890
1277
1282
1390
1525
1570
1658
1755
1941
1946
1980
2011
2033
2087
2178
2237
2545
2799
2879
2932
3042
3254
3482
3492
3656
3682
4085
4319
4457
4518
5539
5553
5813
6542
6691
6836
7070
7104
7159
7333
7355
7369
7962
8035
8210
8267
8293
8372
11240
12075
21
67
77
117
231
335
393
423
437
521
586
636
724
773
794
834
850
861
941
945
954
1027
1171
1221
1238
1316
1429
1537
1617
1663
1724
1759
1793
1870
1943
1960
2133
2153
2182
2259
2506
2603
2830
4156
4696
5007
5812
6021
7019
7097
7295
8507
8991
9716
10084
