5
43
51
92
153
163
190
209
226
263
361
442
556
575
622
625
642
653
805
944
1547
2008
2086
2094
2247
2462
2626
2731
2901
3212
3247
3677
3736
3864
4133
4800
4854
5651
5682
5893
6009
6089
6684
7225
7860
8147
8400
72
75
85
103
118
150
151
234
249
260
396
401
546
571
590
632
721
799
884
1188
1379
1599
1731
2199
2377
2596
2682
2717
2833
2860
3320
3429
4266
5000
5335
5572
6638
6891
13245
13246
13247
13248
13249
13250
13251
13252
13253
13254
13255
13256
13257
13258
13259
13260
13261
13262
13263
13264
13265
72
75
85
103
118
150
151
234
249
260
396
401
546
571
590
632
721
799
884
1188
1379
1599
1731
2199
2377
2596
2682
2717
2833
2860
3320
3429
4266
5000
5335
5572
6638
6891
13245
13246
13247
13248
13249
13250
13251
13252
13253
13254
13255
13256
13257
13258
13259
13260
13261
13262
13263
13264
13265
74
194
240
258
312
539
572
626
750
765
985
1652
1655
1690
1827
2067
2526
3597
3792
4141
5892
6018
6477
6573
6583
255
268
507
610
953
1038
1103
1528
1955
2244
2314
2409
2634
2704
2748
2807
2841
3164
4280
6072
9261
9262
9263
9264
9265
9266
9267
9268
9269
9270
9271
9272
9273
9274
9275
9276
9277
9278
9279
9280
9281
9282
9283
9284
10
28
56
86
110
122
261
329
349
566
741
744
752
777
828
866
875
950
1159
1520
1987
2071
4252
7077
7854
8
19
41
133
682
885
1692
4041
4804
6675
66
88
267
525
624
