30
94
104
149
158
160
167
204
232
254
275
290
336
502
524
631
696
700
722
723
749
770
772
786
807
815
833
862
880
938
939
958
982
988
1178
1208
1300
1313
1314
1378
1519
1529
1572
1665
1740
1756
1776
1783
1795
1828
1843
1851
1868
1877
1888
1969
2013
2076
2123
2209
2407
2417
2518
2707
2739
2783
2785
2787
2828
2829
3028
3215
3266
3309
3431
3474
3524
3566
3647
3684
3753
3870
4264
4285
4305
4309
4523
4683
4896
4944
4975
5003
5004
5060
5095
5117
5118
5231
5263
5314
5450
5594
5607
5662
5896
5996
5997
6011
6068
6270
6369
6580
6683
6690
6693
6714
6765
6808
6876
7114
7237
7240
7299
7351
7761
7926
7938
8008
8169
8297
8376
8689
8760
8887
9002
9081
9364
9370
9576
9679
9746
9771
9772
9774
10173
10197
10234
11099
11119
11381
11976
12593
32
62
83
112
154
214
235
241
273
278
299
331
341
523
557
651
717
747
758
768
817
1049
1067
1074
1179
1198
1202
1241
1297
1472
1473
1506
1514
1516
1524
1530
1539
1546
1551
1640
1656
1764
1842
1930
1953
1966
2141
2177
2297
2315
2463
2598
2600
2636
2653
2725
2801
3070
3095
3283
3315
3319
3530
3760
3789
3827
3908
4284
4290
4292
4520
4578
4609
4701
4875
4878
4912
5033
5176
5554
5999
6067
6123
6142
6174
6330
6334
6452
6482
7109
7267
8529
8652
8864
8867
9634
9859
10319
11079
11135
11138
31
38
39
47
61
63
120
121
130
142
152
173
195
207
244
259
262
296
303
306
322
375
381
403
485
492
513
555
604
650
658
659
725
826
827
835
842
890
1277
1282
1390
1525
1570
1658
1755
1941
1946
1980
2011
2033
2087
2178
2237
2545
2799
2879
2932
3042
3254
3482
3492
3656
3682
4085
4319
4457
4518
5539
5553
5813
6542
6691
6836
7070
7104
7159
7333
7355
7369
7962
8035
8210
8267
8293
8372
11240
12075
68
193
222
224
227
242
315
367
422
440
460
486
511
595
607
718
754
800
839
1209
1218
1370
1466
1485
1515
1784
1967
2075
2117
2161
2283
2389
2549
2817
2928
3498
3518
3770
3779
3978
4158
4263
4545
4579
5020
5363
5455
5486
6797
7848
7849
7850
7851
7852
7853
7855
7856
7857
7858
7859
7861
7862
7863
8744
9365
9568
72
75
85
103
118
150
151
234
249
260
396
401
546
571
590
632
721
799
884
1188
1379
1599
1731
2199
2377
2596
2682
2717
2833
2860
3320
3429
4266
5000
5335
5572
6638
6891
13245
13246
13247
13248
13249
13250
13251
13252
13253
13254
13255
13256
13257
13258
13259
13260
13261
13262
13263
13264
13265
23
36
79
238
332
627
784
793
1044
1257
1290
1492
1521
1738
3399
10
28
56
86
110
122
261
329
349
566
741
744
752
777
828
866
875
950
1159
1520
1987
2071
4252
7077
7854
8
19
41
133
682
885
1692
4041
4804
6675
408
417
487
593
612
1032
1589
2804
2927
3641
4900
135
155
498
503
545
609
637
883
887
981
1025
1312
1394
1434
1635
2017
2019
2955
3029
3651
5389
5629
6801
7438
8450
42
57
87
90
116
136
220
245
295
297
305
346
370
383
409
426
471
517
536
597
657
688
695
739
740
760
775
788
797
804
1098
1115
1146
1153
1327
1392
1423
1597
1683
1758
1957
2002
2015
2183
2375
2497
2551
2622
2796
2846
3130
3462
3673
3696
3791
3906
4181
4426
4469
4582
4585
5367
5664
5912
5922
6113
6271
6494
6571
6754
7417
7597
7951
8536
8745
9964
10105
10106
11140
12
129
205
316
415
613
638
989
1405
1587
3210
5370
6086
6122
6681
74
194
240
258
312
539
572
626
750
765
985
1652
1655
1690
1827
2067
2526
3597
3792
4141
5892
6018
6477
6573
6583
21
67
77
117
231
335
393
423
437
521
586
636
724
773
794
834
850
861
941
945
954
1027
1171
1221
1238
1316
1429
1537
1617
1663
1724
1759
1793
1870
1943
1960
2133
2153
2182
2259
2506
2603
2830
4156
4696
5007
5812
6021
7019
7097
7295
8507
8991
9716
10084
95
170
257
271
293
325
386
432
468
488
531
558
574
648
652
683
713
716
814
844
877
895
911
970
974
1005
1024
1036
1043
1052
1127
1133
1174
1186
1195
1215
1219
1222
1240
1268
1295
1317
1318
1406
1410
1421
1445
1478
1496
1498
1523
1549
1591
1609
1633
1639
1641
1662
1664
1691
1698
1769
1773
1854
1947
1948
1988
2018
2062
2064
2100
2121
2215
2231
2246
2290
2333
2341
2345
2374
2442
2494
2527
2541
2602
2617
2644
2657
2674
2679
2697
2729
2840
2971
3040
3041
3052
3067
3073
3077
3078
3099
3121
3148
3255
3286
3359
3436
3614
3632
3775
3786
3836
3837
3852
3913
3939
4030
4128
4164
4203
4250
4272
4387
4446
4471
4522
4559
4649
4860
4907
4911
4919
4982
4999
5001
5097
5124
5161
5235
5313
5360
5461
5487
5550
5591
5593
5600
5624
5712
5745
5825
5967
5971
6101
6235
6454
6557
6641
6661
6687
6881
6894
6923
6947
6987
7098
7145
7201
7252
7254
7359
7465
7758
7956
8024
8164
8195
8255
8302
8395
8502
8512
8740
8862
9122
9378
9600
9650
9744
9745
9752
9781
9804
9851
9866
9954
10104
10122
10142
10155
10414
10575
10761
11036
11121
11239
11352
11360
11396
11651
11866
11891
12179
12505
12589
12767
13328
13329
13818
33
40
71
114
115
164
171
177
225
285
292
298
357
360
365
420
435
436
439
447
459
465
494
544
554
578
585
601
621
667
684
687
737
751
759
863
942
969
1017
1018
1023
1033
1035
1063
1166
1210
1212
1242
1266
1286
1296
1302
1343
1391
1411
1435
1458
1494
1495
1596
1634
1637
1671
1672
1675
1736
1771
1830
1841
1855
1912
2038
2056
2091
2150
2167
2243
2274
2294
2302
2364
2388
2491
2529
2573
2620
2633
2678
2689
2774
2786
2805
2821
2836
2851
2906
2933
2977
3017
3080
3120
3197
3198
3199
3214
3403
3422
3423
3433
3488
3506
3777
3846
3940
3948
4039
4045
4083
4150
4299
4353
4392
4432
4576
4693
4788
4798
4799
4827
4958
4976
4996
5076
5213
5287
5341
5346
5454
5661
5774
5801
5828
5866
5948
6040
6057
6071
6095
6137
6165
6169
6265
6347
6352
6396
6464
6481
6483
6512
6547
6659
6725
7082
7101
7112
7166
7203
7231
7243
7588
7663
7779
7835
7841
8007
8150
8256
8346
8387
8399
8574
8778
8856
8987
9043
9334
9345
9379
10071
10644
10773
11011
11025
11342
12186
12470
12471
20
44
78
89
108
174
186
237
269
272
308
330
419
444
480
514
526
582
602
736
742
791
802
991
1078
1094
1102
1193
1545
1569
1594
1728
1757
1782
2069
2077
2080
2331
2615
2645
2800
3015
3735
3778
3847
4048
4151
4302
4586
4920
5098
5901
6132
6680
7226
7940
8630
8874
9908
10062
10098
11120
5
43
51
92
153
163
190
209
226
263
361
442
556
575
622
625
642
653
805
944
1547
2008
2086
2094
2247
2462
2626
2731
2901
3212
3247
3677
3736
3864
4133
4800
4854
5651
5682
5893
6009
6089
6684
7225
7860
8147
8400
9
134
157
307
1060
1169
2119
2250
3138
3147
6561
48
76
145
288
310
354
547
629
649
1156
1449
1775
1890
2941
4
26
192
230
246
359
457
562
635
1256
1954
124
60
111
247
1689
2273
10812
10813
128
159
200
4824
274
382
553
1292
1
559
1869
140
512
709
8899
255
268
507
610
953
1038
1103
1528
1955
2244
2314
2409
2634
2704
2748
2807
2841
3164
4280
6072
9261
9262
9263
9264
9265
9266
9267
9268
9269
9270
9271
9272
9273
9274
9275
9276
9277
9278
9279
9280
9281
9282
9283
9284
66
88
267
525
624
15
328
599
1162
105
236
535
608
210
251
563
592
80
606
37
168
515
661
1059
3683
11404
11405
11406
11407
11408
11409
11410
11411
11412
11413
11414
11415
11416
11417
11418
11419
11420
11421
11422
11423
11424
11425
11426
11427
11428
11429
11430
11431
639
705
14
239
266
287
474
100
