31
38
39
47
61
63
120
121
130
142
152
173
195
207
244
259
262
296
303
306
322
375
381
403
485
492
513
555
604
650
658
659
725
826
827
835
842
890
1277
1282
1390
1525
1570
1658
1755
1941
1946
1980
2011
2033
2087
2178
2237
2545
2799
2879
2932
3042
3254
3482
3492
3656
3682
4085
4319
4457
4518
5539
5553
5813
6542
6691
6836
7070
7104
7159
7333
7355
7369
7962
8035
8210
8267
8293
8372
11240
12075
68
193
222
224
227
242
315
367
422
440
460
486
511
595
607
718
754
800
839
1209
1218
1370
1466
1485
1515
1784
1967
2075
2117
2161
2283
2389
2549
2817
2928
3498
3518
3770
3779
3978
4158
4263
4545
4579
5020
5363
5455
5486
6797
7848
7849
7850
7851
7852
7853
7855
7856
7857
7858
7859
7861
7862
7863
8744
9365
9568
10
28
56
86
110
122
261
329
349
566
741
744
752
777
828
866
875
950
1159
1520
1987
2071
4252
7077
7854
9
134
157
307
1060
1169
2119
2250
3138
3147
6561
72
75
85
103
118
150
151
234
249
260
396
401
546
571
590
632
721
799
884
1188
1379
1599
1731
2199
2377
2596
2682
2717
2833
2860
3320
3429
4266
5000
5335
5572
6638
6891
13245
13246
13247
13248
13249
13250
13251
13252
13253
13254
13255
13256
13257
13258
13259
13260
13261
13262
13263
13264
13265
474
100
74
194
240
258
312
539
572
626
750
765
985
1652
1655
1690
1827
2067
2526
3597
3792
4141
5892
6018
6477
6573
6583
105
236
535
608
639
705
135
155
498
503
545
609
637
883
887
981
1025
1312
1394
1434
1635
2017
2019
2955
3029
3651
5389
5629
6801
7438
8450
4
26
192
230
246
359
457
562
635
1256
1954
124
8
19
41
133
682
885
1692
4041
4804
6675
32
62
83
112
154
214
235
241
273
278
299
331
341
523
557
651
717
747
758
768
817
1049
1067
1074
1179
1198
1202
1241
1297
1472
1473
1506
1514
1516
1524
1530
1539
1546
1551
1640
1656
1764
1842
1930
1953
1966
2141
2177
2297
2315
2463
2598
2600
2636
2653
2725
2801
3070
3095
3283
3315
3319
3530
3760
3789
3827
3908
4284
4290
4292
4520
4578
4609
4701
4875
4878
4912
5033
5176
5554
5999
6067
6123
6142
6174
6330
6334
6452
6482
7109
7267
8529
8652
8864
8867
9634
9859
10319
11079
11135
11138
20
44
78
89
108
174
186
237
269
272
308
330
419
444
480
514
526
582
602
736
742
791
802
991
1078
1094
1102
1193
1545
1569
1594
1728
1757
1782
2069
2077
2080
2331
2615
2645
2800
3015
3735
3778
3847
4048
4151
4302
4586
4920
5098
5901
6132
6680
7226
7940
8630
8874
9908
10062
10098
11120
12
129
205
316
415
613
638
989
1405
1587
3210
5370
6086
6122
6681
15
328
599
1162
140
512
709
8899
210
251
563
592
80
606
274
382
553
1292
1
559
1869
5
43
51
92
153
163
190
209
226
263
361
442
556
575
622
625
642
653
805
944
1547
2008
2086
2094
2247
2462
2626
2731
2901
3212
3247
3677
3736
3864
4133
4800
4854
5651
5682
5893
6009
6089
6684
7225
7860
8147
8400
408
417
487
593
612
1032
1589
2804
2927
3641
4900
48
76
145
288
310
354
547
629
649
1156
1449
1775
1890
2941
23
36
79
238
332
627
784
793
1044
1257
1290
1492
1521
1738
3399
21
67
77
117
231
335
393
423
437
521
586
636
724
773
794
834
850
861
941
945
954
1027
1171
1221
1238
1316
1429
1537
1617
1663
1724
1759
1793
1870
1943
1960
2133
2153
2182
2259
2506
2603
2830
4156
4696
5007
5812
6021
7019
7097
7295
8507
8991
9716
10084
66
88
267
525
624
