68
193
222
224
227
242
315
367
422
440
460
486
511
595
607
718
754
800
839
1209
1218
1370
1466
1485
1515
1784
1967
2075
2117
2161
2283
2389
2549
2817
2928
3498
3518
3770
3779
3978
4158
4263
4545
4579
5020
5363
5455
5486
6797
7848
7849
7850
7851
7852
7853
7855
7856
7857
7858
7859
7861
7862
7863
8744
9365
9568
9
134
157
307
1060
1169
2119
2250
3138
3147
6561
10
28
56
86
110
122
261
329
349
566
741
744
752
777
828
866
875
950
1159
1520
1987
2071
4252
7077
7854
100
74
194
240
258
312
539
572
626
750
765
985
1652
1655
1690
1827
2067
2526
3597
3792
4141
5892
6018
6477
6573
6583
639
705
135
155
498
503
545
609
637
883
887
981
1025
1312
1394
1434
1635
2017
2019
2955
3029
3651
5389
5629
6801
7438
8450
124
8
19
41
133
682
885
1692
4041
4804
6675
20
44
78
89
108
174
186
237
269
272
308
330
419
444
480
514
526
582
602
736
742
791
802
991
1078
1094
1102
1193
1545
1569
1594
1728
1757
1782
2069
2077
2080
2331
2615
2645
2800
3015
3735
3778
3847
4048
4151
4302
4586
4920
5098
5901
6132
6680
7226
7940
8630
8874
9908
10062
10098
11120
12
129
205
316
415
613
638
989
1405
1587
3210
5370
6086
6122
6681
15
328
599
1162
4
26
192
230
246
359
457
562
635
1256
1954
80
606
1
559
1869
408
417
487
593
612
1032
1589
2804
2927
3641
4900
5
43
51
92
153
163
190
209
226
263
361
442
556
575
622
625
642
653
805
944
1547
2008
2086
2094
2247
2462
2626
2731
2901
3212
3247
3677
3736
3864
4133
4800
4854
5651
5682
5893
6009
6089
6684
7225
7860
8147
8400
23
36
79
238
332
627
784
793
1044
1257
1290
1492
1521
1738
3399
21
67
77
117
231
335
393
423
437
521
586
636
724
773
794
834
850
861
941
945
954
1027
1171
1221
1238
1316
1429
1537
1617
1663
1724
1759
1793
1870
1943
1960
2133
2153
2182
2259
2506
2603
2830
4156
4696
5007
5812
6021
7019
7097
7295
8507
8991
9716
10084
66
88
267
525
624
