31
38
39
47
61
63
120
121
130
142
152
173
195
207
244
259
262
296
303
306
322
375
381
403
485
492
513
555
604
650
658
659
725
826
827
835
842
890
1277
1282
1390
1525
1570
1658
1755
1941
1946
1980
2011
2033
2087
2178
2237
2545
2799
2879
2932
3042
3254
3482
3492
3656
3682
4085
4319
4457
4518
5539
5553
5813
6542
6691
6836
7070
7104
7159
7333
7355
7369
7962
8035
8210
8267
8293
8372
11240
12075
21
67
77
117
231
335
393
423
437
521
586
636
724
773
794
834
850
861
941
945
954
1027
1171
1221
1238
1316
1429
1537
1617
1663
1724
1759
1793
1870
1943
1960
2133
2153
2182
2259
2506
2603
2830
4156
4696
5007
5812
6021
7019
7097
7295
8507
8991
9716
10084
