30
94
104
149
158
160
167
204
232
254
275
290
336
502
524
631
696
700
722
723
749
770
772
786
807
815
833
862
880
938
939
958
982
988
1178
1208
1300
1313
1314
1378
1519
1529
1572
1665
1740
1756
1776
1783
1795
1828
1843
1851
1868
1877
1888
1969
2013
2076
2123
2209
2407
2417
2518
2707
2739
2783
2785
2787
2828
2829
3028
3215
3266
3309
3431
3474
3524
3566
3647
3684
3753
3870
4264
4285
4305
4309
4523
4683
4896
4944
4975
5003
5004
5060
5095
5117
5118
5231
5263
5314
5450
5594
5607
5662
5896
5996
5997
6011
6068
6270
6369
6580
6683
6690
6693
6714
6765
6808
6876
7114
7237
7240
7299
7351
7761
7926
7938
8008
8169
8297
8376
8689
8760
8887
9002
9081
9364
9370
9576
9679
9746
9771
9772
9774
10173
10197
10234
11099
11119
11381
11976
12593
32
62
83
112
154
214
235
241
273
278
299
331
341
523
557
651
717
747
758
768
817
1049
1067
1074
1179
1198
1202
1241
1297
1472
1473
1506
1514
1516
1524
1530
1539
1546
1551
1640
1656
1764
1842
1930
1953
1966
2141
2177
2297
2315
2463
2598
2600
2636
2653
2725
2801
3070
3095
3283
3315
3319
3530
3760
3789
3827
3908
4284
4290
4292
4520
4578
4609
4701
4875
4878
4912
5033
5176
5554
5999
6067
6123
6142
6174
6330
6334
6452
6482
7109
7267
8529
8652
8864
8867
9634
9859
10319
11079
11135
11138
31
38
39
47
61
63
120
121
130
142
152
173
195
207
244
259
262
296
303
306
322
375
381
403
485
492
513
555
604
650
658
659
725
826
827
835
842
890
1277
1282
1390
1525
1570
1658
1755
1941
1946
1980
2011
2033
2087
2178
2237
2545
2799
2879
2932
3042
3254
3482
3492
3656
3682
4085
4319
4457
4518
5539
5553
5813
6542
6691
6836
7070
7104
7159
7333
7355
7369
7962
8035
8210
8267
8293
8372
11240
12075
68
193
222
224
227
242
315
367
422
440
460
486
511
595
607
718
754
800
839
1209
1218
1370
1466
1485
1515
1784
1967
2075
2117
2161
2283
2389
2549
2817
2928
3498
3518
3770
3779
3978
4158
4263
4545
4579
5020
5363
5455
5486
6797
7848
7849
7850
7851
7852
7853
7855
7856
7857
7858
7859
7861
7862
7863
8744
9365
9568
