42
57
87
90
116
136
220
245
295
297
305
346
370
383
409
426
471
517
536
597
657
688
695
739
740
760
775
788
797
804
1098
1115
1146
1153
1327
1392
1423
1597
1683
1758
1957
2002
2015
2183
2375
2497
2551
2622
2796
2846
3130
3462
3673
3696
3791
3906
4181
4426
4469
4582
4585
5367
5664
5912
5922
6113
6271
6494
6571
6754
7417
7597
7951
8536
8745
9964
10105
10106
11140
21
67
77
117
231
335
393
423
437
521
586
636
724
773
794
834
850
861
941
945
954
1027
1171
1221
1238
1316
1429
1537
1617
1663
1724
1759
1793
1870
1943
1960
2133
2153
2182
2259
2506
2603
2830
4156
4696
5007
5812
6021
7019
7097
7295
8507
8991
9716
10084
72
75
85
103
118
150
151
234
249
260
396
401
546
571
590
632
721
799
884
1188
1379
1599
1731
2199
2377
2596
2682
2717
2833
2860
3320
3429
4266
5000
5335
5572
6638
6891
13245
13246
13247
13248
13249
13250
13251
13252
13253
13254
13255
13256
13257
13258
13259
13260
13261
13262
13263
13264
13265
8
19
41
133
682
885
1692
4041
4804
6675
