42
57
87
90
116
136
220
245
295
297
305
346
370
383
409
426
471
517
536
597
657
688
695
739
740
760
775
788
797
804
1098
1115
1146
1153
1327
1392
1423
1597
1683
1758
1957
2002
2015
2183
2375
2497
2551
2622
2796
2846
3130
3462
3673
3696
3791
3906
4181
4426
4469
4582
4585
5367
5664
5912
5922
6113
6271
6494
6571
6754
7417
7597
7951
8536
8745
9964
10105
10106
11140
42
57
87
90
116
136
220
245
295
297
305
346
370
383
409
426
471
517
536
597
657
688
695
739
740
760
775
788
797
804
1098
1115
1146
1153
1327
1392
1423
1597
1683
1758
1957
2002
2015
2183
2375
2497
2551
2622
2796
2846
3130
3462
3673
3696
3791
3906
4181
4426
4469
4582
4585
5367
5664
5912
5922
6113
6271
6494
6571
6754
7417
7597
7951
8536
8745
9964
10105
10106
11140
135
155
498
503
545
609
637
883
887
981
1025
1312
1394
1434
1635
2017
2019
2955
3029
3651
5389
5629
6801
7438
8450
12
129
205
316
415
613
638
989
1405
1587
3210
5370
6086
6122
6681
