42
57
87
90
116
136
220
245
295
297
305
346
370
383
409
426
471
517
536
597
657
688
695
739
740
760
775
788
797
804
1098
1115
1146
1153
1327
1392
1423
1597
1683
1758
1957
2002
2015
2183
2375
2497
2551
2622
2796
2846
3130
3462
3673
3696
3791
3906
4181
4426
4469
4582
4585
5367
5664
5912
5922
6113
6271
6494
6571
6754
7417
7597
7951
8536
8745
9964
10105
10106
11140
21
67
77
117
231
335
393
423
437
521
586
636
724
773
794
834
850
861
941
945
954
1027
1171
1221
1238
1316
1429
1537
1617
1663
1724
1759
1793
1870
1943
1960
2133
2153
2182
2259
2506
2603
2830
4156
4696
5007
5812
6021
7019
7097
7295
8507
8991
9716
10084
5
43
51
92
153
163
190
209
226
263
361
442
556
575
622
625
642
653
805
944
1547
2008
2086
2094
2247
2462
2626
2731
2901
3212
3247
3677
3736
3864
4133
4800
4854
5651
5682
5893
6009
6089
6684
7225
7860
8147
8400
74
194
240
258
312
539
572
626
750
765
985
1652
1655
1690
1827
2067
2526
3597
3792
4141
5892
6018
6477
6573
6583
