5
43
51
92
153
163
190
209
226
263
361
442
556
575
622
625
642
653
805
944
1547
2008
2086
2094
2247
2462
2626
2731
2901
3212
3247
3677
3736
3864
4133
4800
4854
5651
5682
5893
6009
6089
6684
7225
7860
8147
8400
5
43
51
92
153
163
190
209
226
263
361
442
556
575
622
625
642
653
805
944
1547
2008
2086
2094
2247
2462
2626
2731
2901
3212
3247
3677
3736
3864
4133
4800
4854
5651
5682
5893
6009
6089
6684
7225
7860
8147
8400
72
75
85
103
118
150
151
234
249
260
396
401
546
571
590
632
721
799
884
1188
1379
1599
1731
2199
2377
2596
2682
2717
2833
2860
3320
3429
4266
5000
5335
5572
6638
6891
13245
13246
13247
13248
13249
13250
13251
13252
13253
13254
13255
13256
13257
13258
13259
13260
13261
13262
13263
13264
13265
23
36
79
238
332
627
784
793
1044
1257
1290
1492
1521
1738
3399
